Height of tree: 11

PRE ORDER
92 27 7 3 1 3 3 3 11 10 21 17 15 14 20 22 67 47 36 31 30 29 28 35 39 36 39 39 66 60 55 56 60 63 79 71 72 73 73 85 79 177 163 116 98 96 108 100 103 111 108 108 113 150 134 128 127 121 117 123 125 128 130 130 133 146 141 137 144 142 148 147 149 148 149 155 153 153 155 161 158 165 171 166 167 166 169 197 178 190 181 180 186 182 189 188 191 196 198 200 

IN ORDER
1 3 3 3 3 7 10 11 14 15 17 20 21 22 27 28 29 30 31 35 36 36 39 39 39 47 55 56 60 60 63 66 67 71 72 73 73 79 79 85 92 96 98 100 103 108 108 108 111 113 116 117 121 123 125 127 128 128 130 130 133 134 137 141 142 144 146 147 148 148 149 149 150 153 153 155 155 158 161 163 165 166 166 167 169 171 177 178 180 181 182 186 188 189 190 191 196 197 198 200

POST ORDER
1 3 3 3 3 10 14 15 20 17 22 21 11 7 28 29 30 35 31 36 39 39 39 36 56 55 63 60 60 66 47 73 73 72 71 79 85 79 67 27 96 103 100 108 108 113 111 108 98 117 125 123 121 127 133 130 130 128 128 137 142 144 141 147 148 149 149 148 146 134 153 153 158 161 155 155 150 116 166 169 167 166 171 165 163 180 182 188 189 186 181 196 191 190 178 200 198 197 177 92

Completed assessment
